<?xml version="1.0"?>
<opencv_storage>
<cameraMatrix type_id="opencv-matrix">
  <rows>3</rows>
  <cols>3</cols>
  <dt>d</dt>
  <data>
    4.2075766278589606e+02 0. 1.6077559589575819e+02 0.
    4.2297102404778644e+02 1.0941091963603220e+02 0. 0. 1.</data></cameraMatrix>
<distCoeffs type_id="opencv-matrix">
  <rows>1</rows>
  <cols>5</cols>
  <dt>d</dt>
  <data>
    -9.1186396055834520e-02 -3.9988296488233638e-01
    8.8863017864140902e-04 6.7884097786892982e-04 2.7123878492115816e+00</data></distCoeffs>
</opencv_storage>
